Selected edges [ 0  1  2  3  4 15 16 23 25 26 27 28 29]
Estimated memories [2097152 16777216 1703936 872415232 1572864 17825792 2883584 12582912
 2883584 11534336 2621440 436207616 2621440 2684354560 4194304 2415919104
 2883584 6291456 1310720 33554432 3670016 285212672 2359296 33554432
 3670016 2147483648]
Lin fit: [7.42866317e-09 9.68384717e-04]
Log fit: [  1.01913057 -19.32655284]
===Results===
Total time: 35.446
Simulator fitted flops: 0.24741 G
Matmul flops: 414.19 G
Simulator optimality: 0.000597333645279433
